1 594106.00 7547727.00
2 622489.00 7584434.00
3 622834.00 7584431.00
4 644788.00 7627917.00
5 649639.00 7626366.00
6 649868.00 7613786.00
7 650033.00 7625317.00
8 657406.00 7599166.00
9 659394.00 7605483.00
10 659879.00 7607938.00
11 660826.00 7602024.00
12 662902.00 7599788.00
13 662959.00 7599726.00
14 663131.00 7599663.00
15 665670.00 7595085.00
16 665804.00 7596867.00
17 666517.00 7596429.00
18 666886.00 7595902.00
19 669571.00 7591660.00
20 669952.00 7592425.00
21 670059.00 7591655.00
22 670629.00 7593925.00
23 670971.00 7593645.00
24 671183.00 7594627.00
25 673230.00 7589960.00
26 677734.00 7594586.00
27 679190.00 7611764.00
28 693652.00 7625408.00
29 702410.00 7637360.00
30 705377.00 7616743.00
31 707516.00 7579737.00
32 710321.00 7625109.00
33 711524.00 7664808.00
34 712810.00 7663807.00
35 715935.00 7642355.00
36 716070.00 7639523.00
37 716536.00 7663913.00
38 720585.00 7625987.00
39 721899.00 7642152.00
40 723443.00 7673081.00
41 724815.00 7674108.00
42 725242.00 7684316.00
43 729301.00 7678969.00
44 734353.00 7634010.00
45 735437.00 7633255.00
46 737182.00 7577814.00
47 739008.00 7648895.00
48 739975.00 7634205.00
49 740627.00 7633457.00
50 740769.00 7633331.00
51 740193.00 7579400.00
52 741608.00 7631627.00
53 744253.00 7617802.00
54 752928.00 7590927.00
55 755251.00 7590613.00
56 767889.00 7663313.00
57 768521.00 7661333.00
58 769502.00 7663041.00
59 774780.00 7602877.00
60 809029.00 7707662.00
61 546544.00 7512241.00
62 547095.00 7514761.00
63 550476.00 7526404.00
64 554357.00 7515783.00
65 554357.00 7515783.00
66 556528.00 7515437.00
67 556927.00 7515128.00
68 561510.00 7517878.00
69 566946.00 7518931.00
70 568184.00 7521078.00
71 572750.00 7519120.00
72 578711.00 7510881.00
73 583186.00 7508981.00
74 585465.00 7507739.00
75 585694.00 7507891.00
76 586885.00 7506285.00
77 589216.00 7509193.00
78 589675.00 7509529.00
79 591760.00 7509424.00
80 613097.00 7497073.00
81 617884.00 7514413.00
82 618282.00 7514164.00
83 620660.00 7514822.00
84 633933.00 7539225.00
85 681346.00 7546282.00
86 683415.00 7508113.00
87 683501.00 7508111.00
88 684693.00 7553134.00
89 685467.00 7555585.00
90 687212.00 7552858.00
91 687240.00 7510035.00
92 687240.00 7510035.00
93 687240.00 7510035.00
94 687240.00 7510035.00
95 687240.00 7510035.00
96 687326.00 7510034.00
97 690132.00 7515076.00
98 708348.00 7515118.00
99 743938.00 7539430.00
100 749950.00 7539120.00
101 750122.00 7540902.00
102 753611.00 7533429.00
103 753596.00 7532536.00
104 754147.00 7532958.00
105 754391.00 7535601.00
106 754532.00 7533691.00
107 755531.00 7543984.00
108 755661.00 7539674.00
109 755786.00 7540318.00
110 756047.00 7540529.00
111 759459.00 7561401.00
112 770866.00 7568996.00
113 772137.00 7567773.00
114 780334.00 7567014.00
115 788342.00 7616275.00
116 790143.00 7615535.00
117 791342.00 7630935.00
118 791418.00 7630380.00
119 791979.00 7615102.00
120 798036.00 7596983.00
121 808889.00 7569191.00
122 821048.00 7655038.00
123 821518.00 7652473.00
124 821657.00 7652193.00
125 825274.00 7578224.00
126 836424.00 7602658.00
127 847432.00 7632636.00
128 872476.00 7594007.00
129 877766.00 7598597.00
130 895097.00 7592509.00
131 375060.00 7417597.00
132 385967.00 7413718.00
133 392671.00 7405464.00
134 394748.00 7420488.00
135 394707.00 7414336.00
136 396183.00 7410410.00
137 396103.00 7433968.00
138 397704.00 7428444.00
139 399541.00 7425780.00
140 399552.00 7424120.00
141 399741.00 7425659.00
142 399976.00 7424522.00
143 400023.00 7425937.00
144 401240.00 7422347.00
145 401362.00 7421210.00
146 401983.00 7426012.00
147 402053.00 7424013.00
148 402909.00 7432200.00
149 403904.00 7423318.00
150 404133.00 7427502.00
151 404353.00 7424151.00
152 404693.00 7424307.00
153 404690.00 7429259.00
154 404742.00 7425538.00
155 405047.00 7431260.00
156 407367.00 7437457.00
157 407574.00 7422542.00
158 407647.00 7429093.00
159 408697.00 7438603.00
160 409183.00 7410311.00
161 410238.00 7437720.00
162 410870.00 7431850.00
163 414370.00 7441004.00
164 415919.00 7438737.00
165 417825.00 7438502.00
166 420007.00 7440052.00
167 423013.00 7441636.00
168 423627.00 7443915.00
169 426432.00 7446205.00
170 427944.00 7445382.00
171 427945.00 7445043.00
172 428121.00 7444091.00
173 433641.00 7450175.00
174 436370.00 7457505.00
175 437070.00 7453603.00
176 437329.00 7452835.00
177 439543.00 7454289.00
178 440136.00 7455522.00
179 441072.00 7456356.00
180 442355.00 7455961.00
181 442909.00 7459961.00
182 443702.00 7460979.00
183 451092.00 7465402.00
184 458020.00 7463239.00
185 458999.00 7469854.00
186 460123.00 7465152.00
187 462469.00 7437974.00
188 464051.00 7466146.00
189 464275.00 7467991.00
190 467639.00 7466830.00
191 468486.00 7470430.00
192 471786.00 7473050.00
193 479876.00 7476415.00
194 481983.00 7478016.00
195 482701.00 7498711.00
196 482918.00 7482968.00
197 486024.00 7485370.00
198 486022.00 7488229.00
199 488621.00 7483496.00
200 497373.00 7502257.00
201 502769.00 7500596.00
202 503112.00 7502872.00
203 503484.00 7503948.00
204 503913.00 7505670.00
205 504426.00 7504716.00
206 504568.00 7501887.00
207 504968.00 7502933.00
208 509369.00 7508096.00
209 514610.00 7492595.00
210 522108.00 7507960.00
211 530095.00 7502381.00
