3145877 783894 7.7205e+006 796733 7.73832e+006
3122009 775346 7.70944e+006 806219 7.73426e+006
3125952 762314 7.70021e+006 790032 7.72316e+006
3113305 786318 7.69576e+006 816943 7.71947e+006
3161403 774595 7.69067e+006 791266 7.70825e+006
3125309 794371 7.69201e+006 820109 7.70488e+006
3142106 758574 7.68023e+006 785163 7.70356e+006
3124005 736170 7.67753e+006 762505 7.70346e+006
3304102 796202 7.67221e+006 835742 7.70084e+006
3149002 790229 7.68975e+006 802125 7.69902e+006
3169208 792643 7.67773e+006 819556 7.69669e+006
3306156 820512 7.67603e+006 839632 7.69667e+006
3171402 775664 7.67547e+006 791388 7.69506e+006
3161502 714566 7.67952e+006 737110 7.69351e+006
3124906 780352 7.65967e+006 799411 7.69149e+006
3143906 753050 7.64154e+006 785512 7.69074e+006
3129004 729492 7.66039e+006 748318 7.68817e+006
3172004 713304 7.66389e+006 734114 7.68551e+006
3121902 700686 7.66994e+006 715922 7.68465e+006
3156452 751413 7.67101e+006 767922 7.68464e+006
3303104 803055 7.65747e+006 832646 7.68262e+006
3169901 696906 7.64685e+006 723744 7.6816e+006
3164431 743258 7.66743e+006 754899 7.68119e+006
3103108 788319 7.66684e+006 803573 7.67818e+006
3302205 791268 7.62999e+006 854400 7.67173e+006
3142205 733286 7.6489e+006 759541 7.67101e+006
3141603 660531 7.64408e+006 682902 7.67044e+006
3121506 644505 7.65454e+006 664298 7.66995e+006
3167301 678966 7.65202e+006 694287 7.66923e+006
3128808 721961 7.64618e+006 738151 7.66598e+006
3169000 695237 7.64805e+006 715548 7.66469e+006
3105608 600742 7.63567e+006 650067 7.66435e+006
3155801 679097 7.63776e+006 699689 7.66388e+006
3148202 776545 7.65044e+006 793410 7.66217e+006
3156304 718030 7.64641e+006 728380 7.65898e+006
3157302 645042 7.64164e+006 661638 7.65876e+006
3302304 786536 7.63696e+006 808340 7.65778e+006
3105509 773457 7.63666e+006 791836 7.65491e+006
3151305 695228 7.64086e+006 714985 7.65435e+006
3115300 727756 7.62523e+006 759032 7.65363e+006
3158409 745763 7.63663e+006 763249 7.65354e+006
3301009 821584 7.5507e+006 915983 7.65199e+006
3104601 712186 7.63154e+006 726920 7.64975e+006
3146602 658000 7.63981e+006 668830 7.64952e+006
3304755 882640 7.5968e+006 919646 7.6488e+006
3102902 614971 7.61241e+006 641988 7.64752e+006
3138005 755466 7.62587e+006 771855 7.64745e+006
3122900 724028 7.63334e+006 731765 7.64742e+006
3167905 670690 7.62822e+006 690872 7.64604e+006
3145703 641988 7.63543e+006 663499 7.64599e+006
3103306 655590 7.6311e+006 673791 7.64571e+006
3128402 688239 7.62772e+006 715289 7.64457e+006
3305133 805014 7.62088e+006 830424 7.64274e+006
3146701 766311 7.61102e+006 787415 7.64237e+006
3303005 782122 7.62264e+006 808191 7.64135e+006
3302056 834105 7.60813e+006 857484 7.63897e+006
3300902 798600 7.60408e+006 840856 7.63836e+006
3132602 716375 7.6227e+006 732841 7.6378e+006
3160702 633713 7.60991e+006 676833 7.6378e+006
3121308 700597 7.61819e+006 720056 7.63591e+006
3155405 679907 7.6135e+006 702936 7.63338e+006
3138401 716486 7.59785e+006 768118 7.63325e+006
3304706 772269 7.59631e+006 811606 7.62973e+006
3301157 846626 7.59911e+006 876180 7.62966e+006
3150109 663705 7.6119e+006 686276 7.62911e+006
3154101 752876 7.60892e+006 774827 7.62745e+006
3162906 688389 7.59976e+006 722987 7.62331e+006
3304805 813274 7.57742e+006 858382 7.62299e+006
3159407 594090 7.60144e+006 622799 7.62267e+006
3127388 679639 7.60662e+006 696566 7.62236e+006
3125002 640110 7.60631e+006 658205 7.62043e+006
3106804 616532 7.5976e+006 638165 7.61984e+006
3136702 635997 7.56655e+006 691546 7.61943e+006
3119609 669777 7.60339e+006 684863 7.6171e+006
3104403 715248 7.59759e+006 733238 7.61605e+006
3151107 765439 7.59223e+006 782994 7.6119e+006
3156205 697441 7.59953e+006 709240 7.61179e+006
3115904 674750 7.59158e+006 693114 7.60929e+006
3302106 785844 7.57986e+006 817089 7.60867e+006
3300159 790166 7.5972e+006 806320 7.60853e+006
3138609 592830 7.57056e+006 641597 7.60721e+006
3124609 752542 7.58865e+006 771196 7.60556e+006
3305000 894029 7.57111e+006 915484 7.60485e+006
3140209 703888 7.59421e+006 717436 7.60454e+006
3149408 625183 7.58823e+006 638764 7.6044e+006
3160009 717604 7.58218e+006 734985 7.6042e+006
3106903 687409 7.58755e+006 704785 7.60376e+006
3101508 713444 7.56678e+006 748691 7.6026e+006
3172103 742389 7.58132e+006 762222 7.60059e+006
3165602 710054 7.5843e+006 722357 7.60012e+006
3128501 698832 7.58501e+006 711484 7.59918e+006
3301108 757266 7.56048e+006 792824 7.59807e+006
3139805 690763 7.56621e+006 718933 7.5955e+006
3305307 786283 7.56166e+006 817507 7.5941e+006
3149507 687137 7.57717e+006 700459 7.59356e+006
3107505 576728 7.55859e+006 605599 7.58937e+006
3301207 737589 7.5631e+006 765554 7.58879e+006
3140803 665930 7.5739e+006 684532 7.58733e+006
3304607 795328 7.5526e+006 840487 7.58592e+006
3157278 618009 7.5566e+006 646918 7.58505e+006
3145406 594069 7.56961e+006 617227 7.584e+006
3158607 680290 7.562e+006 695514 7.58361e+006
3106101 640435 7.55672e+006 672998 7.58237e+006
3116209 690492 7.55389e+006 719500 7.58214e+006
3305406 704882 7.54738e+006 741504 7.57926e+006
3167509 667993 7.56296e+006 683853 7.57718e+006
3302452 776938 7.55453e+006 790348 7.57501e+006
3301603 745795 7.54704e+006 773852 7.5746e+006
3155900 602751 7.55062e+006 633258 7.57193e+006
3305703 731077 7.53581e+006 752083 7.56874e+006
3159308 580070 7.54123e+006 609768 7.56771e+006
3303708 661316 7.5259e+006 689786 7.56595e+006
3300951 670692 7.55478e+006 693145 7.56585e+006
3301504 766834 7.55086e+006 782355 7.56502e+006
3305901 778756 7.53062e+006 813875 7.56399e+006
3306008 679587 7.54281e+006 710809 7.56238e+006
3304508 636734 7.53465e+006 664640 7.56077e+006
3306107 583561 7.52197e+006 645606 7.55972e+006
3147808 565947 7.53731e+006 584522 7.55922e+006
3305158 701261 7.53472e+006 732383 7.55636e+006
3107208 534275 7.52505e+006 570137 7.55574e+006
3300506 755218 7.53091e+006 785143 7.553e+006
3305802 701037 7.51369e+006 735851 7.55185e+006
3303401 734022 7.51446e+006 787656 7.54792e+006
3300225 687218 7.53147e+006 702675 7.54784e+006
3303906 667030 7.50249e+006 706401 7.54343e+006
3306206 625686 7.5082e+006 670125 7.54258e+006
3304128 567746 7.51303e+006 588018 7.54042e+006
3304201 519676 7.49615e+006 578645 7.54013e+006
3303856 653077 7.51369e+006 676803 7.53583e+006
3300308 594208 7.50537e+006 628823 7.5342e+006
3300407 567196 7.49188e+006 602473 7.53408e+006
3302254 534970 7.50454e+006 553678 7.53169e+006
3304110 564489 7.51263e+006 574759 7.52302e+006
3541901 514992 7.49927e+006 532123 7.52249e+006
3306305 586839 7.49582e+006 602701 7.52194e+006
3526605 503452 7.49843e+006 517639 7.52037e+006
3302908 638449 7.49545e+006 676110 7.52004e+006
3301801 631996 7.50165e+006 648059 7.51598e+006
3513405 487431 7.49418e+006 509996 7.51594e+006
3302809 623644 7.49952e+006 633961 7.51587e+006
3303955 595815 7.50136e+006 611807 7.51327e+006
3538501 472612 7.49425e+006 490308 7.51219e+006
3304003 593667 7.47688e+006 626344 7.51105e+006
3503505 518982 7.47488e+006 536876 7.50941e+006
3508603 487173 7.47239e+006 511033 7.50494e+006
3503158 548121 7.48172e+006 565848 7.50364e+006
3504909 550493 7.46908e+006 586233 7.50201e+006
3552007 507648 7.468e+006 526327 7.50092e+006
3549607 528246 7.46661e+006 556414 7.50059e+006
3518404 454835 7.45489e+006 497024 7.49956e+006
3527207 478818 7.46492e+006 511416 7.49752e+006
3304409 569990 7.46384e+006 615066 7.49609e+006
3509957 492256 7.48016e+006 500334 7.49245e+006
3538006 431376 7.44857e+006 468364 7.48934e+006
3540754 462698 7.47194e+006 475680 7.48e+006
3513603 483245 7.42071e+006 538547 7.47989e+006
3502507 471232 7.45565e+006 480729 7.47758e+006
3549904 386570 7.42237e+006 426276 7.47653e+006
3531704 404447 7.45125e+006 431726 7.47517e+006
3544301 463744 7.45353e+006 473873 7.47446e+006
3554805 427801 7.45625e+006 448425 7.47026e+006
3554102 425887 7.43161e+006 470361 7.46215e+006
3508504 413709 7.42995e+006 439333 7.45981e+006
3520202 370791 7.42759e+006 390825 7.45775e+006
3526308 467888 7.43466e+006 487337 7.4567e+006
3550001 456438 7.41258e+006 493112 7.4469e+006
3542305 434097 7.41895e+006 461950 7.43875e+006
3524402 382136 7.40974e+006 418761 7.43705e+006
3546801 360624 7.41083e+006 387483 7.43561e+006
3524907 417352 7.41694e+006 437428 7.43464e+006
3532306 441027 7.39256e+006 483496 7.42584e+006
3518800 339613 7.39931e+006 363439 7.42561e+006
3535606 419305 7.38367e+006 454083 7.42422e+006
3518305 381522 7.39614e+006 402803 7.42199e+006
3503901 359220 7.4075e+006 372554 7.42027e+006
3546009 399153 7.40023e+006 423025 7.41983e+006
3530607 365491 7.37069e+006 392687 7.41807e+006
3523107 357357 7.39919e+006 370221 7.40986e+006
3545001 398840 7.38069e+006 429148 7.404e+006
