3145877 158215 7.71968e+006 170728 7.73753e+006
3122009 149788 7.70889e+006 180409 7.73366e+006
3125952 137336 7.69881e+006 164837 7.72193e+006
3113305 161388 7.69498e+006 191870 7.71923e+006
3161403 149856 7.68949e+006 166685 7.70701e+006
3125309 169667 7.69228e+006 195476 7.70474e+006
3142106 134189 7.67887e+006 160698 7.70179e+006
3304102 172283 7.67195e+006 211095 7.70139e+006
3124005 111750 7.67514e+006 137679 7.7012e+006
3149002 165688 7.68902e+006 177634 7.69836e+006
3306156 196479 7.67681e+006 215137 7.69754e+006
3169208 168285 7.67711e+006 195098 7.69629e+006
3171402 151649 7.6743e+006 166930 7.69425e+006
3124906 156616 7.65859e+006 175910 7.69068e+006
3161502 90359.7 7.67616e+006 112825 7.69007e+006
3143906 128965 7.64005e+006 161902 7.68879e+006
3129004 106035 7.65761e+006 124428 7.68539e+006
3303104 179336 7.65775e+006 208774 7.68296e+006
3156452 127379 7.66887e+006 143955 7.68243e+006
3172004 89142.1 7.66063e+006 110145 7.68191e+006
3121902 76713 7.66609e+006 92107 7.68075e+006
3164431 119677 7.66489e+006 131248 7.6789e+006
3103108 164537 7.66638e+006 179906 7.67753e+006
3169901 73007.8 7.64305e+006 100325 7.67731e+006
3302205 168119 7.63087e+006 231902 7.67141e+006
3142205 110286 7.64645e+006 136092 7.66887e+006
3141603 37380.3 7.63884e+006 59346.3 7.66546e+006
3167301 55823.4 7.64724e+006 70966.8 7.6647e+006
3121506 21063.7 7.64851e+006 41004.3 7.66402e+006
3128808 98651.1 7.64304e+006 114896 7.66285e+006
3148202 153495 7.64959e+006 170145 7.6613e+006
3169000 71834.5 7.64422e+006 92557.6 7.66052e+006
3155801 56408.6 7.63309e+006 77008.2 7.65945e+006
3302304 164054 7.63659e+006 185542 7.65708e+006
3105608 -22299.2 7.62814e+006 27362.4 7.65678e+006
3156304 94972.2 7.64309e+006 105476 7.65559e+006
3301009 201432 7.55397e+006 296124 7.65444e+006
3105509 150812 7.63564e+006 168979 7.65374e+006
3157302 21914.2 7.63553e+006 38697.8 7.65247e+006
3304755 260099 7.6001e+006 297029 7.65224e+006
3158409 123323 7.63431e+006 140553 7.65143e+006
3115300 105724 7.62211e+006 136509 7.65066e+006
3151305 72241.8 7.63683e+006 92379.9 7.65e+006
3104601 89417.7 7.62815e+006 104159 7.64631e+006
3138005 133157 7.62429e+006 149801 7.64576e+006
3122900 101698 7.63005e+006 109227 7.6442e+006
3146602 35210.1 7.63418e+006 46078.4 7.64388e+006
3305133 183021 7.62089e+006 207977 7.64337e+006
3167905 48254.1 7.62316e+006 68650.6 7.64102e+006
3146701 143880 7.60964e+006 165071 7.64084e+006
3303005 160026 7.62215e+006 185957 7.64078e+006
3302056 211975 7.60962e+006 235461 7.64061e+006
3103306 33282.3 7.62534e+006 51097.9 7.64035e+006
3128402 65819.2 7.6234e+006 92722.4 7.64032e+006
3102902 -7480.66 7.60563e+006 19564.8 7.64029e+006
3145703 19564.8 7.62898e+006 40953.6 7.64015e+006
3300902 177362 7.60404e+006 218953 7.6391e+006
3132602 94202.4 7.61923e+006 110539 7.63461e+006
3121308 78660.8 7.61452e+006 98125.5 7.63231e+006
3160702 11420.5 7.60334e+006 54690.8 7.63187e+006
3301157 224821 7.60115e+006 254587 7.63184e+006
3138401 94788 7.59539e+006 146860 7.63127e+006
3155405 57852.1 7.60902e+006 80866.9 7.62878e+006
3304706 151139 7.59523e+006 189712 7.62862e+006
3154101 131287 7.60725e+006 153463 7.62569e+006
3304805 192863 7.57784e+006 237185 7.62401e+006
3150109 41988.5 7.60647e+006 64396.7 7.6239e+006
3162906 67215.4 7.59521e+006 101381 7.61912e+006
3127388 58105 7.60172e+006 74842.8 7.61745e+006
3159407 -27790.6 7.59386e+006 1021.32 7.6152e+006
3125002 18616.7 7.59986e+006 36493.2 7.61442e+006
3136702 14707.6 7.56014e+006 71080.2 7.61365e+006
3104403 94209 7.59416e+006 112137 7.61274e+006
3106804 -4653.3 7.59025e+006 16711.6 7.61265e+006
3119609 48480.7 7.5981e+006 63511.6 7.61195e+006
3151107 144354 7.59062e+006 162109 7.61029e+006
3302106 164977 7.57923e+006 196113 7.60892e+006
3305000 273247 7.57513e+006 295487 7.60881e+006
3300159 169166 7.59666e+006 185179 7.60802e+006
3156205 76335.5 7.59533e+006 88085.4 7.60771e+006
3115904 53610 7.58656e+006 72150.2 7.60453e+006
3124609 131584 7.58678e+006 150542 7.60377e+006
3160009 97178.3 7.57886e+006 113942 7.60123e+006
3140209 82859.5 7.59038e+006 96604.7 7.60061e+006
3101508 93700.9 7.5631e+006 128355 7.59968e+006
3106903 66643.8 7.58309e+006 83854.8 7.59942e+006
3138609 -27796 7.56302e+006 21058.3 7.59937e+006
3172103 121776 7.57888e+006 141725 7.59829e+006
3149408 4165.43 7.58132e+006 17838.2 7.59741e+006
3301108 137291 7.55879e+006 172654 7.59712e+006
3165602 89633 7.58043e+006 101708 7.59656e+006
3128501 78323.1 7.58081e+006 90644 7.59508e+006
3305307 166665 7.56107e+006 196834 7.59429e+006
3139805 70778 7.56174e+006 98625.5 7.59163e+006
3149507 66854.2 7.57249e+006 80013 7.58891e+006
3301207 117821 7.56078e+006 145425 7.58693e+006
3304607 175895 7.55335e+006 220456 7.58604e+006
3140803 45627.1 7.56882e+006 64423.7 7.58195e+006
3107505 -43284.2 7.54952e+006 -14410.5 7.58094e+006
3158607 60320.4 7.55712e+006 75566.9 7.57875e+006
3116209 71182.8 7.54926e+006 99272 7.57856e+006
3157278 -1939.97 7.54979e+006 27033 7.57824e+006
3106101 20827.2 7.55035e+006 53347 7.57665e+006
3305406 85617.4 7.54385e+006 121510 7.57655e+006
3145406 -26277.2 7.56192e+006 -2749.91 7.5762e+006
3302452 157363 7.5534e+006 170520 7.57393e+006
3301603 126798 7.54475e+006 154751 7.57256e+006
3167509 48110.4 7.55798e+006 64242.9 7.57204e+006
3305703 111943 7.53289e+006 133255 7.56594e+006
3155900 -17072.4 7.54254e+006 13850.4 7.56397e+006
3301504 147440 7.5495e+006 163311 7.56373e+006
3305901 159852 7.52953e+006 194830 7.56328e+006
3303708 41878.1 7.52062e+006 71003.5 7.56048e+006
3300951 51027 7.54965e+006 73632.5 7.56038e+006
3159308 -39270.8 7.53237e+006 -9893.17 7.55923e+006
3306008 60370.2 7.53853e+006 91791.7 7.5583e+006
3304508 17712.4 7.52813e+006 45894.6 7.55432e+006
3306107 -35268.8 7.51477e+006 27089.5 7.55254e+006
3305158 82530.1 7.53063e+006 113324 7.55246e+006
3300506 136343 7.52949e+006 166591 7.55159e+006
3147808 -52903.7 7.52805e+006 -34361.6 7.55018e+006
3305802 82836.2 7.50966e+006 117518 7.54881e+006
3107208 -84309 7.51409e+006 -49118.9 7.54573e+006
3303401 115899 7.51222e+006 169702 7.5457e+006
3300225 68863.1 7.52665e+006 83772.9 7.5436e+006
3303906 49291 7.4973e+006 88006.4 7.53922e+006
3306206 7845.2 7.50177e+006 51647.3 7.53665e+006
3304128 -50557.3 7.50377e+006 -30410.4 7.53148e+006
3304201 -98634.7 7.48572e+006 -39871.1 7.53081e+006
3303856 34806.3 7.50779e+006 58729.8 7.5303e+006
3300308 -23974.7 7.49789e+006 10830.7 7.5259e+006
3300407 -50202.6 7.48289e+006 -15568.8 7.52577e+006
3302254 -83396.1 7.49378e+006 -64299.6 7.52105e+006
3302908 21421 7.48871e+006 58461.2 7.51389e+006
3306305 -30828.6 7.48716e+006 -15336 7.51355e+006
3304110 -53420.1 7.50293e+006 -43359.7 7.51352e+006
3541901 -103189 7.48757e+006 -85622.7 7.51093e+006
3301801 14421.6 7.49472e+006 30556.3 7.50945e+006
3302809 6299.64 7.49217e+006 16592.2 7.50858e+006
3526605 -114579 7.48649e+006 -100035 7.50858e+006
3303955 -21419.1 7.49279e+006 -5706.49 7.50492e+006
3304003 -23320.4 7.46903e+006 9172.83 7.50343e+006
3513405 -130580 7.48194e+006 -107305 7.50342e+006
3538501 -144932 7.48107e+006 -127188 7.49928e+006
3503505 -98400.4 7.4635e+006 -80450.7 7.49829e+006
3503158 -68583.8 7.47123e+006 -51394.2 7.49373e+006
3504909 -66078.7 7.45875e+006 -30641.9 7.49229e+006
3508603 -130467 7.46015e+006 -105516 7.49207e+006
3549607 -88060.2 7.45548e+006 -60779.3 7.48997e+006
3552007 -109586 7.45581e+006 -90476.9 7.4892e+006
3304409 -46194.1 7.45455e+006 -1145.21 7.48758e+006
3518404 -162371 7.44166e+006 -119056 7.48599e+006
3527207 -138466 7.45223e+006 -104901 7.4845e+006
3509957 -124938 7.46762e+006 -116343 7.47967e+006
3538006 -185188 7.43405e+006 -147357 7.475e+006
3513603 -132404 7.40748e+006 -77509.8 7.46839e+006
3540754 -154076 7.45826e+006 -140922 7.466e+006
3502507 -145227 7.44193e+006 -135193 7.46413e+006
3544301 -152690 7.43964e+006 -142119 7.46063e+006
3549904 -229217 7.40599e+006 -188650 7.46014e+006
3531704 -211590 7.43501e+006 -184816 7.45921e+006
3554805 -188454 7.44095e+006 -167594 7.45515e+006
3554102 -190280 7.41685e+006 -145254 7.44657e+006
3508504 -202184 7.41415e+006 -175989 7.44414e+006
3526308 -147686 7.42116e+006 -128190 7.44325e+006
3520202 -244665 7.40994e+006 -225289 7.44053e+006
3550001 -158406 7.39891e+006 -121028 7.43306e+006
3542305 -180556 7.40383e+006 -152664 7.42363e+006
3524402 -232887 7.3927e+006 -195953 7.41984e+006
3524907 -197243 7.4008e+006 -177412 7.41921e+006
3546801 -254468 7.39269e+006 -227326 7.41744e+006
3532306 -173285 7.37772e+006 -130908 7.41139e+006
3535606 -194921 7.36804e+006 -159201 7.40876e+006
3518800 -274751 7.37976e+006 -251366 7.40705e+006
3518305 -232931 7.37873e+006 -211252 7.40452e+006
3546009 -215065 7.38347e+006 -191235 7.40363e+006
3503901 -255305 7.38885e+006 -241867 7.40193e+006
3530607 -247377 7.35219e+006 -221246 7.40034e+006
3523107 -256958 7.38046e+006 -244090 7.39142e+006
3545001 -214913 7.36434e+006 -183940 7.38756e+006
