3145877 -152199 -74131 -151761 -73551.5
3122009 -152492 -74486.3 -151431 -73680.4
3125952 -152933 -74798.7 -151979 -74050.5
3113305 -152103 -74934.2 -151048 -74155.4
3161403 -152505 -75105.6 -151927 -74535.3
3125309 -151821 -75039.5 -150931 -74630.7
3142106 -153054 -75447.3 -152136 -74695
3124005 -153829 -75549.1 -152924 -74706.1
3304102 -151745 -75691.5 -150391 -74747.8
3149002 -151962 -75128.8 -151550 -74826.5
3306156 -150906 -75550 -150253 -74877.8
3169208 -151875 -75517.7 -150947 -74898.1
3171402 -152457 -75599.4 -151920 -74957.4
3161502 -154573 -75496.5 -153794 -75042.7
3124906 -152291 -76111.3 -151627 -75073.4
3143906 -153239 -76706.5 -152110 -75114.1
3129004 -154047 -76111.1 -153401 -75208.3
3172004 -154616 -76003.2 -153894 -75304.5
3156452 -153296 -75757.8 -152724 -75315.9
3121902 -155051 -75813.3 -154522 -75335.8
3303104 -151505 -76161.5 -150483 -75343.4
3164431 -153572 -75878.8 -153170 -75429
3169901 -155181 -76563 -154246 -75439
3103108 -152016 -75869.1 -151486 -75503.5
3302205 -151903 -77044.2 -149704 -75708
3142205 -153910 -76480.4 -153007 -75757.8
3141603 -156433 -76667.6 -155662 -75808.4
3121506 -156991 -76334.2 -156304 -75832.8
3167301 -155794 -76405.3 -155265 -75843.4
3128808 -154306 -76577.2 -153745 -75933.8
3169000 -155233 -76524.3 -154525 -75987.4
3155801 -155784 -76867.6 -155071 -76016.4
3105608 -158505 -76951.5 -156792 -76026
3148202 -152412 -76407.9 -151831 -76027.2
3156304 -154439 -76571.9 -154079 -76164.4
3302304 -152057 -76838.6 -151306 -76168.1
3157302 -156969 -76754.2 -156393 -76199.2
3105509 -152511 -76858.3 -151879 -76267.5
3301009 -150799 -79575.1 -147507 -76300.5
3158409 -153470 -76877.4 -152867 -76325.2
3151305 -155229 -76760.2 -154539 -76325.3
3115300 -154089 -77257.9 -153011 -76333.2
3304755 -148725 -78076.5 -147444 -76385.5
3104601 -154638 -77055.7 -154128 -76464.8
3146602 -156517 -76809.7 -156142 -76494.4
3138005 -153132 -77216.9 -152559 -76517.4
3122900 -154223 -76996.2 -153957 -76537.9
3102902 -158008 -77709.3 -157070 -76571.1
3167905 -156074 -77181.3 -155372 -76601.9
3145703 -157070 -76958.7 -156325 -76610.8
3103306 -156597 -77094.1 -155969 -76615.6
3305133 -151408 -77354.9 -150534 -76634.4
3128402 -155465 -77190.3 -154528 -76642.2
3146701 -152757 -77696.6 -152024 -76680
3303005 -152204 -77305.6 -151302 -76699.1
3302056 -150401 -77743.7 -149587 -76738.9
3300902 -151618 -77901.8 -150162 -76774.8
3132602 -154486 -77344.2 -153916 -76850.2
3160702 -157356 -77789 -155858 -76877.5
3121308 -155031 -77492.8 -154355 -76916.3
3138401 -154477 -78139.3 -152677 -76982.8
3155405 -155750 -77654.1 -154951 -77009.3
3301157 -149960 -78026.6 -148929 -77031.2
3304706 -152531 -78170.2 -151177 -77084.7
3150109 -156310 -77715.2 -155528 -77153.9
3154101 -153211 -77769 -152446 -77168.1
3304805 -151093 -78760.2 -149540 -77269.3
3162906 -155447 -78101.3 -154250 -77332.4
3127388 -155755 -77881.8 -155169 -77370.3
3159407 -158729 -78071 -157731 -77380.3
3125002 -157128 -77905.1 -156501 -77442.8
3106804 -157945 -78194.5 -157195 -77470.6
3136702 -157269 -79197 -155329 -77473.4
3119609 -156095 -77990.3 -155571 -77543.6
3104403 -154512 -78159.7 -153887 -77558.4
3151107 -152767 -78310.4 -152154 -77671.3
3156205 -155131 -78105.3 -154722 -77705.6
3302106 -152055 -78697.9 -150976 -77747.8
3300159 -151907 -78133.2 -151348 -77764.7
3115904 -155921 -78371.8 -155280 -77793.8
3305000 -148292 -78893.9 -147527 -77801.1
3124609 -153214 -78430.4 -152561 -77879.7
3138609 -158767 -79074.6 -157068 -77885
3160009 -154422 -78659.2 -153826 -77939.5
3140209 -154906 -78274 -154433 -77939.6
3106903 -155477 -78497.2 -154874 -77969.2
3149408 -157643 -78496.2 -157170 -77971
3101508 -154559 -79163.7 -153339 -77990.8
3172103 -153562 -78676.2 -152871 -78048.2
3165602 -154685 -78596.5 -154260 -78079
3301108 -153036 -79343.1 -151801 -78111.1
3128501 -155076 -78576.9 -154640 -78115.5
3305307 -152020 -79288.6 -150951 -78222.3
3139805 -155352 -79190.8 -154375 -78232.6
3149507 -155481 -78836.7 -155019 -78303.9
3301207 -153718 -79266.7 -152749 -78425.7
3107505 -159325 -79471.5 -158318 -78468.1
3304607 -151701 -79561.2 -150139 -78489.2
3140803 -156219 -78946.8 -155570 -78513.2
3157278 -157886 -79523.5 -156878 -78598.8
3158607 -155716 -79331.5 -155186 -78629.3
3145406 -158722 -79106.3 -157913 -78639.2
3116209 -155354 -79592.7 -154354 -78663.5
3106101 -157102 -79516.2 -155967 -78677.4
3305406 -154852 -79792.4 -153585 -78746.6
3167509 -156144 -79301.4 -155588 -78840.8
3302452 -152344 -79528.5 -151881 -78862.4
3301603 -153422 -79787.8 -152445 -78889.2
3155900 -158417 -79725.9 -157350 -79032.5
3305703 -153937 -80161 -153200 -79089.4
3159308 -159205 -80035 -158171 -79172.5
3301504 -152694 -79651.1 -152147 -79189.9
3303708 -156372 -80508.6 -155373 -79208.7
3300951 -156048 -79568.6 -155263 -79212.1
3305901 -152271 -80304.7 -151048 -79214.9
3306008 -155733 -79949.1 -154642 -79311.2
3304508 -157226 -80234.7 -156250 -79385.2
3306107 -159081 -80651.6 -156912 -79424.5
3147808 -159696 -80164.1 -159048 -79451
3305158 -154972 -80209.9 -153890 -79504.8
3107208 -160802 -80567.8 -159551 -79567.5
3300506 -153091 -80300.1 -152042 -79582.2
3305802 -154974 -80892.8 -153760 -79641.3
3303401 -153821 -80846.1 -151945 -79758.6
3300225 -155458 -80323.1 -154924 -79785.4
3303906 -156157 -81268.4 -154788 -79928.2
3306206 -157603 -81093.5 -156056 -79972.8
3304128 -159631 -80953.3 -158923 -80061.6
3304201 -161312 -81506.2 -159251 -80072.9
3303856 -156649 -80910.7 -155819 -80188.1
3300308 -158706 -81193 -157495 -80260.7
3300407 -159647 -81639.8 -158416 -80264.9
3302254 -160777 -81234.2 -160122 -80351.2
3304110 -159744 -80967.9 -159385 -80629.5
3541901 -161475 -81407.1 -160876 -80651.7
3306305 -158960 -81510.1 -158408 -80660.9
3302908 -157151 -81510.3 -155839 -80706.6
3526605 -161879 -81434.4 -161382 -80720.8
3301801 -157381 -81310.3 -156818 -80841.5
3302809 -157671 -81382.3 -157310 -80850.5
3513405 -162440 -81572.9 -161650 -80865.4
3303955 -158644 -81329.6 -158086 -80941.3
3538501 -162959 -81570.4 -162339 -80987
3304003 -158718 -82121.2 -157575 -81009.4
3503505 -161335 -82199.8 -160709 -81076.4
3508603 -162449 -82281.6 -161613 -81223
3503158 -160313 -81975.4 -159694 -81261
3504909 -160229 -82385.9 -158978 -81313.4
3552007 -161732 -82424.1 -161077 -81353.5
3549607 -161009 -82468.2 -160024 -81362.4
3518404 -163583 -82850.5 -162104 -81397.3
3527207 -162742 -82524.6 -161599 -81464.1
3304409 -159544 -82552.6 -157964 -81500.7
3509957 -162271 -82028.9 -161988 -81629.2
3538006 -164408 -83054 -163111 -81728.1
3540754 -163308 -82295.5 -162853 -82032.8
3513603 -162589 -83962 -160647 -82037
3502507 -163009 -82825.1 -162677 -82112.4
3549904 -165987 -83899.8 -164594 -82137.6
3531704 -165357 -82960.9 -164396 -82183.6
3544301 -163272 -82894 -162917 -82213.1
3554805 -164535 -82801.7 -163811 -82346.1
3554102 -164603 -83605.3 -163041 -82609
3508504 -165032 -83655.6 -164133 -82684.8
3520202 -166545 -83723.3 -165835 -82744.4
3526308 -163128 -83508.1 -162445 -82791.3
3550001 -163533 -84226.2 -162243 -83109.5
3542305 -164320 -84016 -163339 -83372
3524402 -166148 -84307.7 -164860 -83418.1
3546801 -166906 -84265.5 -165961 -83458.9
3524907 -164910 -84077.7 -164202 -83504.4
3518800 -167653 -84630.2 -166809 -83781.4
3532306 -164077 -84875.1 -162581 -83793.7
3535606 -164845 -85162.1 -163620 -83843.6
3518305 -166174 -84748.2 -165426 -83906.7
3503901 -166960 -84370.4 -166490 -83956.8
3546009 -165553 -84618.5 -164712 -83983.2
3530607 -166751 -85569.6 -165783 -84032.6
3523107 -167027 -84640.3 -166573 -84295.1
3545001 -165567 -85256.3 -164501 -84497.3
