         1   -158714    -79823
         2   -157733    -78623
         3   -157721    -78623
         4   -156970    -77203
         5   -156801    -77252
         6   -156789    -77661
         7   -156787    -77286
         8   -156522    -78134
         9   -156455    -77928
        10   -156439    -77848
        11   -156404    -78040
        12   -156331    -78112
        13   -156329    -78114
        14   -156323    -78116
        15   -156233    -78264
        16   -156229    -78206
        17   -156204    -78220
        18   -156191    -78237
        19   -156096    -78374
        20   -156083    -78349
        21   -156079    -78374
        22   -156060    -78300
        23   -156048    -78309
        24   -156041    -78277
        25   -155968    -78428
        26   -155813    -78276
        27   -155769    -77717
        28   -155272    -77268
        29   -154973    -76876
        30   -154861    -77545
        31   -154770    -78747
        32   -154693    -77271
        33   -154669    -75980
        34   -154624    -76012
        35   -154506    -76708
        36   -154500    -76800
        37   -154495    -76007
        38   -154337    -77238
        39   -154299    -76712
        40   -154260    -75706
        41   -154213    -75672
        42   -154203    -75340
        43   -154060    -75512
        44   -153863    -76971
        45   -153825    -76995
        46   -153736    -78796
        47   -153709    -76485
        48   -153668    -76962
        49   -153645    -76986
        50   -153640    -76990
        51   -153632    -78743
        52   -153610    -77045
        53   -153511    -77493
        54   -153195    -78362
        55   -153114    -78371
        56   -152716    -76002
        57   -152693    -76066
        58   -152660    -76010
        59   -152442    -77962
        60   -151320    -74538
        61   -160371    -80984
        62   -160352    -80902
        63   -160235    -80523
        64   -160098    -80868
        65   -160098    -80868
        66   -160022    -80879
        67   -160022    -80879
        68   -160008    -80889
        69   -159848    -80799
        70   -159658    -80764
        71   -159615    -80694
        72   -159455    -80757
        73   -159245    -81024
        74   -159088    -81085
        75   -159066    -81144
        76   -159008    -81125
        77   -159000    -81120
        78   -158958    -81172
        79   -158877    -81077
        80   -158861    -81066
        81   -158788    -81069
        82   -158038    -81466
        83   -157875    -80901
        84   -157861    -80909
        85   -157778    -80887
        86   -157321    -80090
        87   -155668    -79845
        88   -155580    -81085
        89   -155577    -81085
        90   -155554    -79621
        91   -155554    -79621
        92   -155528    -79541
        93   -155466    -79629
        94   -155447    -81021
        95   -155447    -81021
        96   -155447    -81021
        97   -155447    -81021
        98   -155447    -81021
        99   -155447    -81021
       100   -155444    -81021
       101   -155348    -80856
       102   -154711    -80847
       103   -153480    -80040
       104   -153270    -80047
       105   -153265    -79989
       106   -153139    -80259
       107   -153139    -80230
       108   -153120    -80245
       109   -153113    -80247
       110   -153113    -80159
       111   -153107    -80221
       112   -153078    -79886
       113   -153071    -80026
       114   -153067    -80005
       115   -153058    -79998
       116   -152951    -79318
       117   -152558    -79065
       118   -152513    -79104
       119   -152227    -79124
       120   -151979    -77519
       121   -151916    -77542
       122   -151884    -77041
       123   -151881    -77059
       124   -151852    -77555
       125   -151630    -78140
       126   -151428    -77969
       127   -151234    -79036
       128   -150870    -76240
       129   -150852    -76323
       130   -150847    -76332
       131   -150670    -78732
       132   -150300    -77931
       133   -149940    -76950
       134   -149041    -78186
       135   -148861    -78033
       136   -148254    -78217
       137   -166400    -84047
       138   -166017    -84176
       139   -165783    -84446
       140   -165706    -83958
       141   -165709    -84158
       142   -165658    -84286
       143   -165655    -83520
       144   -165600    -83700
       145   -165536    -83787
       146   -165536    -83841
       147   -165529    -83791
       148   -165521    -83828
       149   -165519    -83782
       150   -165502    -83852
       151   -165486    -83887
       152   -165477    -83899
       153   -165473    -83936
       154   -165450    -83780
       155   -165448    -83845
       156   -165416    -83579
       157   -165383    -83868
       158   -165374    -83732
       159   -165367    -83841
       160   -165355    -83836
       161   -165354    -83675
       162   -165353    -83796
       163   -165341    -83610
       164   -165258    -83409
       165   -165254    -83894
       166   -165250    -83681
       167   -165211    -83372
       168   -165200    -84292
       169   -165157    -83401
       170   -165136    -83592
       171   -165011    -83295
       172   -164957    -83369
       173   -164890    -83377
       174   -164813    -83327
       175   -164707    -83276
       176   -164685    -83202
       177   -164586    -83128
       178   -164533    -83155
       179   -164533    -83166
       180   -164527    -83197
       181   -164332    -83000
       182   -164235    -82762
       183   -164211    -82889
       184   -164202    -82914
       185   -164124    -82867
       186   -164103    -82827
       187   -164070    -82800
       188   -164025    -82813
       189   -164005    -82683
       190   -163977    -82650
       191   -163717    -82507
       192   -163474    -82578
       193   -163439    -82363
       194   -163400    -82516
       195   -163320    -83400
       196   -163262    -82484
       197   -163254    -82424
       198   -163136    -82462
       199   -163106    -82345
       200   -162990    -82260
       201   -162706    -82151
       202   -162632    -82099
       203   -162606    -81426
       204   -162599    -81938
       205   -162490    -81860
       206   -162490    -81767
       207   -162399    -81921
       208   -162092    -81311
       209   -161903    -81365
       210   -161891    -81291
       211   -161863    -81200
       212   -161845    -81231
       213   -161840    -81323
       214   -161826    -81289
       215   -161672    -81121
       216   -161488    -81625
       217   -161226    -81125
       218   -160946    -81306
       219   -160926    -81303
END
