         1     0.5941062E+06     0.7547727E+07
         2     0.6224892E+06     0.7584434E+07
         3     0.6228337E+06     0.7584431E+07
         4     0.6447878E+06     0.7627917E+07
         5     0.6496392E+06     0.7626367E+07
         6     0.6498681E+06     0.7613786E+07
         7     0.6500326E+06     0.7625317E+07
         8     0.6574058E+06     0.7599167E+07
         9     0.6593943E+06     0.7605483E+07
        10     0.6598788E+06     0.7607938E+07
        11     0.6608261E+06     0.7602024E+07
        12     0.6629019E+06     0.7599788E+07
        13     0.6629588E+06     0.7599726E+07
        14     0.6631306E+06     0.7599663E+07
        15     0.6656701E+06     0.7595085E+07
        16     0.6658036E+06     0.7596867E+07
        17     0.6665175E+06     0.7596429E+07
        18     0.6668856E+06     0.7595903E+07
        19     0.6695707E+06     0.7591661E+07
        20     0.6699523E+06     0.7592426E+07
        21     0.6700590E+06     0.7591655E+07
        22     0.6706291E+06     0.7593925E+07
        23     0.6709709E+06     0.7593645E+07
        24     0.6711826E+06     0.7594627E+07
        25     0.6732297E+06     0.7589960E+07
        26     0.6777341E+06     0.7594586E+07
        27     0.6791901E+06     0.7611764E+07
        28     0.6936517E+06     0.7625409E+07
        29     0.7024102E+06     0.7637360E+07
        30     0.7053768E+06     0.7616743E+07
        31     0.7075159E+06     0.7579737E+07
        32     0.7103208E+06     0.7625109E+07
        33     0.7115243E+06     0.7664808E+07
        34     0.7128104E+06     0.7663807E+07
        35     0.7159345E+06     0.7642355E+07
        36     0.7160701E+06     0.7639523E+07
        37     0.7165356E+06     0.7663913E+07
        38     0.7205849E+06     0.7625988E+07
        39     0.7218994E+06     0.7642152E+07
        40     0.7234431E+06     0.7673081E+07
        41     0.7248146E+06     0.7674108E+07
        42     0.7252416E+06     0.7684316E+07
        43     0.7293013E+06     0.7678970E+07
        44     0.7343528E+06     0.7634010E+07
        45     0.7354369E+06     0.7633256E+07
        46     0.7371821E+06     0.7577814E+07
        47     0.7390084E+06     0.7648896E+07
        48     0.7399753E+06     0.7634205E+07
        49     0.7406270E+06     0.7633457E+07
        50     0.7407693E+06     0.7633332E+07
        51     0.7401929E+06     0.7579400E+07
        52     0.7416085E+06     0.7631627E+07
        53     0.7442529E+06     0.7617802E+07
        54     0.7529279E+06     0.7590927E+07
        55     0.7552513E+06     0.7590613E+07
        56     0.7678894E+06     0.7663313E+07
        57     0.7685214E+06     0.7661334E+07
        58     0.7695021E+06     0.7663041E+07
        59     0.7747802E+06     0.7602877E+07
        60     0.8090293E+06     0.7707662E+07
        61     0.5465439E+06     0.7512242E+07
        62     0.5470945E+06     0.7514761E+07
        63     0.5504761E+06     0.7526405E+07
        64     0.5543568E+06     0.7515783E+07
        65     0.5543568E+06     0.7515783E+07
        66     0.5565276E+06     0.7515437E+07
        67     0.5565276E+06     0.7515437E+07
        68     0.5569266E+06     0.7515128E+07
        69     0.5615101E+06     0.7517878E+07
        70     0.5669457E+06     0.7518931E+07
        71     0.5681844E+06     0.7521079E+07
        72     0.5727496E+06     0.7519120E+07
        73     0.5787109E+06     0.7510881E+07
        74     0.5831865E+06     0.7508981E+07
        75     0.5838051E+06     0.7507164E+07
        76     0.5854651E+06     0.7507739E+07
        77     0.5856945E+06     0.7507891E+07
        78     0.5868853E+06     0.7506286E+07
        79     0.5892158E+06     0.7509194E+07
        80     0.5896749E+06     0.7509529E+07
        81     0.5917599E+06     0.7509425E+07
        82     0.6130974E+06     0.7497073E+07
        83     0.6178841E+06     0.7514413E+07
        84     0.6182824E+06     0.7514164E+07
        85     0.6206598E+06     0.7514823E+07
        86     0.6339334E+06     0.7539225E+07
        87     0.6813462E+06     0.7546282E+07
        88     0.6834155E+06     0.7508113E+07
        89     0.6835013E+06     0.7508112E+07
        90     0.6846931E+06     0.7553134E+07
        91     0.6846931E+06     0.7553134E+07
        92     0.6854673E+06     0.7555586E+07
        93     0.6872122E+06     0.7552858E+07
        94     0.6872401E+06     0.7510036E+07
        95     0.6872401E+06     0.7510036E+07
        96     0.6872401E+06     0.7510036E+07
        97     0.6872401E+06     0.7510036E+07
        98     0.6872401E+06     0.7510036E+07
        99     0.6872401E+06     0.7510036E+07
       100     0.6873258E+06     0.7510034E+07
       101     0.6901321E+06     0.7515076E+07
       102     0.7083483E+06     0.7515118E+07
       103     0.7439384E+06     0.7539431E+07
       104     0.7499501E+06     0.7539120E+07
       105     0.7501219E+06     0.7540902E+07
       106     0.7535962E+06     0.7532537E+07
       107     0.7536107E+06     0.7533429E+07
       108     0.7541472E+06     0.7532959E+07
       109     0.7543466E+06     0.7532894E+07
       110     0.7543909E+06     0.7535601E+07
       111     0.7545315E+06     0.7533691E+07
       112     0.7555308E+06     0.7543985E+07
       113     0.7556608E+06     0.7539674E+07
       114     0.7557860E+06     0.7540318E+07
       115     0.7560473E+06     0.7540529E+07
       116     0.7594586E+06     0.7561401E+07
       117     0.7708661E+06     0.7568996E+07
       118     0.7721369E+06     0.7567774E+07
       119     0.7803344E+06     0.7567015E+07
       120     0.7883423E+06     0.7616276E+07
       121     0.7901434E+06     0.7615535E+07
       122     0.7913416E+06     0.7630935E+07
       123     0.7914181E+06     0.7630380E+07
       124     0.7919787E+06     0.7615102E+07
       125     0.7980362E+06     0.7596983E+07
       126     0.8039451E+06     0.7602136E+07
       127     0.8088890E+06     0.7569192E+07
       128     0.8210483E+06     0.7655038E+07
       129     0.8215179E+06     0.7652473E+07
       130     0.8216569E+06     0.7652193E+07
       131     0.8252744E+06     0.7578224E+07
       132     0.8364239E+06     0.7602659E+07
       133     0.8474321E+06     0.7632636E+07
       134     0.8724761E+06     0.7594007E+07
       135     0.8777660E+06     0.7598597E+07
       136     0.8950968E+06     0.7592509E+07
       137     0.3750597E+06     0.7417597E+07
       138     0.3859668E+06     0.7413718E+07
       139     0.3926706E+06     0.7405464E+07
       140     0.3947483E+06     0.7420488E+07
       141     0.3947069E+06     0.7414337E+07
       142     0.3961826E+06     0.7410410E+07
       143     0.3961026E+06     0.7433969E+07
       144     0.3977042E+06     0.7428444E+07
       145     0.3995410E+06     0.7425781E+07
       146     0.3995523E+06     0.7424120E+07
       147     0.3997408E+06     0.7425659E+07
       148     0.3999757E+06     0.7424523E+07
       149     0.4000230E+06     0.7425938E+07
       150     0.4005205E+06     0.7423788E+07
       151     0.4009822E+06     0.7422715E+07
       152     0.4012403E+06     0.7422347E+07
       153     0.4013615E+06     0.7421210E+07
       154     0.4019831E+06     0.7426012E+07
       155     0.4020531E+06     0.7424014E+07
       156     0.4029087E+06     0.7432200E+07
       157     0.4039043E+06     0.7423318E+07
       158     0.4041329E+06     0.7427503E+07
       159     0.4043534E+06     0.7424152E+07
       160     0.4046933E+06     0.7424308E+07
       161     0.4046899E+06     0.7429259E+07
       162     0.4047423E+06     0.7425538E+07
       163     0.4050466E+06     0.7431261E+07
       164     0.4073672E+06     0.7437457E+07
       165     0.4075738E+06     0.7422542E+07
       166     0.4076466E+06     0.7429093E+07
       167     0.4086966E+06     0.7438603E+07
       168     0.4091830E+06     0.7410311E+07
       169     0.4102375E+06     0.7437720E+07
       170     0.4108698E+06     0.7431850E+07
       171     0.4143702E+06     0.7441005E+07
       172     0.4159188E+06     0.7438738E+07
       173     0.4178254E+06     0.7438502E+07
       174     0.4200067E+06     0.7440052E+07
       175     0.4230130E+06     0.7441636E+07
       176     0.4236271E+06     0.7443915E+07
       177     0.4264320E+06     0.7446205E+07
       178     0.4279438E+06     0.7445382E+07
       179     0.4279454E+06     0.7445044E+07
       180     0.4281207E+06     0.7444091E+07
       181     0.4336407E+06     0.7450175E+07
       182     0.4363700E+06     0.7457506E+07
       183     0.4370697E+06     0.7453603E+07
       184     0.4373290E+06     0.7452835E+07
       185     0.4395432E+06     0.7454290E+07
       186     0.4401361E+06     0.7455522E+07
       187     0.4410722E+06     0.7456356E+07
       188     0.4423548E+06     0.7455961E+07
       189     0.4429090E+06     0.7459961E+07
       190     0.4437025E+06     0.7460979E+07
       191     0.4510922E+06     0.7465402E+07
       192     0.4580201E+06     0.7463240E+07
       193     0.4589989E+06     0.7469854E+07
       194     0.4601226E+06     0.7465152E+07
       195     0.4624694E+06     0.7437974E+07
       196     0.4640511E+06     0.7466146E+07
       197     0.4642746E+06     0.7467991E+07
       198     0.4676388E+06     0.7466830E+07
       199     0.4684859E+06     0.7470430E+07
       200     0.4717863E+06     0.7473050E+07
       201     0.4798755E+06     0.7476415E+07
       202     0.4819830E+06     0.7478017E+07
       203     0.4827008E+06     0.7498711E+07
       204     0.4829182E+06     0.7482968E+07
       205     0.4860244E+06     0.7485370E+07
       206     0.4860218E+06     0.7488229E+07
       207     0.4886213E+06     0.7483496E+07
       208     0.4973731E+06     0.7502257E+07
       209     0.5027693E+06     0.7500597E+07
       210     0.5031124E+06     0.7502872E+07
       211     0.5039127E+06     0.7505670E+07
       212     0.5044265E+06     0.7504717E+07
       213     0.5045684E+06     0.7501888E+07
       214     0.5049685E+06     0.7502933E+07
       215     0.5093690E+06     0.7508097E+07
       216     0.5146100E+06     0.7492595E+07
       217     0.5221084E+06     0.7507961E+07
       218     0.5300954E+06     0.7502382E+07
       219     0.5306667E+06     0.7502473E+07
END
