             1              M1            -44 05 14   -22 10 23
             2              M2            -43 48 53   -21 50 23
             3              M3            -43 48 41   -21 50 23
             4              M4            -43 36 10   -21 26 43
             5              M5            -43 33 21   -21 27 32
             6              M6            -43 33 9    -21 34 21
             7              M7            -43 33 7    -21 28 6
             8              M8            -43 28 42   -21 42 14
             9              M9            -43 27 35   -21 38 48
            10              M10           -43 27 19   -21 37 28
            11              M11           -43 26 44   -21 40 40
            12              M12           -43 25 31   -21 41 52
            13              M13           -43 25 29   -21 41 54
            14              M14           -43 25 23   -21 41 56
            15              M15           -43 23 53   -21 44 24
            16              M16           -43 23 49   -21 43 26
            17              M17           -43 23 24   -21 43 40
            18              M18           -43 23 11   -21 43 57
            19              M19           -43 21 36   -21 46 14
            20              M20           -43 21 23   -21 45 49
            21              M21           -43 21 19   -21 46 14
            22              M22           -43 21 00   -21 45 00
            23              M23           -43 20 48   -21 45 9
            24              M24           -43 20 41   -21 44 37
            25              M25           -43 19 28   -21 47 8
            26              M26           -43 16 53   -21 44 36
            27              M27           -43 16 9    -21 35 17
            28              M28           -43 7 52    -21 27 48
            29              M29           -43 2 53    -21 21 16
            30              M30           -43 1 1     -21 32 25
            31              M31           -42 59 30   -21 52 27
            32              M32           -42 58 13   -21 27 51
            33              M33           -42 57 49   -21 06 20
            34              M34           -42 57 4    -21 6 52
            35              M35           -42 55 6    -21 18 28
            36              M36           -42 55 00   -21 20 00
            37              M37           -42 54 55   -21 6 47
            38              M38           -42 52 17   -21 27 18
            39              M39           -42 51 39   -21 18 32
            40              M40           -42 51 00   -21 01 46
            41              M41           -42 50 13   -21 1 12
            42              M42           -42 50 3    -20 55 40
            43              M43           -42 47 40   -20 58 32
            44              M44           -42 44 23   -21 22 51
            45              M45           -42 43 45   -21 23 15
            46              M46           -42 42 16   -21 53 16
            47              M47           -42 41 49   -21 14 45
            48              M48           -42 41 08   -21 22 42
            49              M49           -42 40 45   -21 23 06
            50              M50           -42 40 40   -21 23 10
            51              M51           -42 40 32   -21 52 23
            52              M52           -42 40 10   -21 24 05
            53              M53           -42 38 31   -21 31 33
            54              M55           -42 33 15   -21 46 02
            55              M56           -42 31 54   -21 46 11
            56              M57           -42 25 16   -21 6 42
            57              M58           -42 24 53   -21 7 46
            58              M59           -42 24 20   -21 06 50
            59              M60           -42 20 42   -21 39 22
            60              M61           -42 02 00   -20 42 18
            61              R1            -44 32 51   -22 29 44
            62              R2            -44 32 32   -22 28 22
            63              R3            -44 30 35   -22 22 3
            64              R4            -44 28 18   -22 27 48
            65              R5            -44 28 18   -22 27 48
            66              R6            -44 27 2    -22 27 59
            67              R7            -44 27 2    -22 27 59
            68              R8            -44 26 48   -22 28 9
            69              R9            -44 24 08   -22 26 39
            70              R10           -44 20 58   -22 26 4
            71              R11           -44 20 15   -22 24 54
            72              R12           -44 17 35   -22 25 57
            73              R13           -44 14 05   -22 30 24
            74              R14           -44 11 28   -22 31 25
            75              R15           -44 11 6    -22 32 24
            76              R16           -44 10 08   -22 32 05
            77              R17           -44 10 00   -22 32 00
            78              R18           -44 09 18   -22 32 52
            79              R19           -44 07 57   -22 31 17
            80              R20           -44 07 41   -22 31 06
            81              R21           -44 6 28    -22 31 9
            82              R22           -43 53 58   -22 37 46
            83              R23           -43 51 15   -22 28 21
            84              R24           -43 51 01   -22 28 29
            85              R25           -43 49 38   -22 28 07
            86              R27           -43 42 1    -22 14 50
            87              R28           -43 14 28   -22 10 45
            88              R29           -43 13 00   -22 31 25
            89              R30           -43 12 57   -22 31 25
            90              R31           -43 12 34   -22 7 1
            91              R32           -43 12 34   -22 7 1
            92              R33           -43 12 8    -22 5 41
            93              R34           -43 11 6    -22 7 9
            94              R35           -43 10 47   -22 30 21
            95              R36           -43 10 47   -22 30 21
            96              R37           -43 10 47   -22 30 21
            97              R38           -43 10 47   -22 30 21
            98              R39           -43 10 47   -22 30 21
            99              R40           -43 10 47   -22 30 21
           100              R41           -43 10 44   -22 30 21
           101              R42           -43 9 8     -22 27 36
           102              R43           -42 58 31   -22 27 27
           103              R44           -42 38 00   -22 14 00
           104              R45           -42 34 30   -22 14 7
           105              R46           -42 34 25   -22 13 09
           106              R47           -42 32 19   -22 17 39
           107              R48           -42 32 19   -22 17 10
           108              R49           -42 32 00   -22 17 25
           109              R50           -42 31 53   -22 17 27
           110              R51           -42 31 53   -22 15 59
           111              R52           -42 31 47   -22 17 1
           112              R53           -42 31 18   -22 11 26
           113              R54           -42 31 11   -22 13 46
           114              R55           -42 31 07   -22 13 25
           115              R56           -42 30 58   -22 13 18
           116              R57           -42 29 11   -22 1 58
           117              R58           -42 22 38   -21 57 45
           118              R59           -42 21 53   -21 58 24
           119              R60           -42 17 07   -21 58 44
           120              R61           -42 12 59   -21 31 59
           121              R62           -42 11 56   -21 32 22
           122              R63           -42 11 24   -21 24 1
           123              R64           -42 11 21   -21 24 19
           124              R65           -42 10 52   -21 32 35
           125              R66           -42 7 10    -21 42 20
           126              R67           -42 3 48    -21 39 29
           127              R68           -42 00 34   -21 57 16
           128              R69           -41 54 30   -21 10 40
           129              R70           -41 54 12   -21 12 03
           130              R71           -41 54 07   -21 12 12
           131              R72           -41 51 10   -21 52 12
           132              R73           -41 45 00   -21 38 51
           133              R74           -41 39 00   -21 22 30
           134              R75           -41 24 01   -21 43 06
           135              R76           -41 21 1    -21 40 33
           136              R77           -41 10 54   -21 43 37
           137              S1            -46 13 20   -23 20 47
           138              S2            -46 06 57   -23 22 56
           139              S3            -46 03 03   -23 27 26
           140              S4            -46 1 46    -23 19 18
           141              S5            -46 01 49   -23 22 38
           142              S6            -46 00 58   -23 24 46
           143              S7            -46 00 55   -23 12 00
           144              S8            -46 00 00   -23 15 00
           145              S9            -45 58 56   -23 16 27
           146              S10           -45 58 56   -23 17 21
           147              S11           -45 58 49   -23 16 31
           148              S12           -45 58 41   -23 17 08
           149              S13           -45 58 39   -23 16 22
           150              S14           -45 58 22   -23 17 32
           151              S15           -45 58 6    -23 18 7
           152              S16           -45 57 57   -23 18 19
           153              S17           -45 57 53   -23 18 56
           154              S18           -45 57 30   -23 16 20
           155              S19           -45 57 28   -23 17 25
           156              S20           -45 56 56   -23 12 59
           157              S21           -45 56 23   -23 17 48
           158              S22           -45 56 14   -23 15 32
           159              S23           -45 56 07   -23 17 21
           160              S24           -45 55 55   -23 17 16
           161              S25           -45 55 54   -23 14 35
           162              S26           -45 55 53   -23 16 36
           163              S27           -45 55 41   -23 13 30
           164              S28           -45 54 18   -23 10 09
           165              S29           -45 54 14   -23 18 14
           166              S30           -45 54 10   -23 14 41
           167              S31           -45 53 31   -23 9 32
           168              S32           -45 53 20   -23 24 52
           169              S33           -45 52 37   -23 10 1
           170              S34           -45 52 16   -23 13 12
           171              S35           -45 50 11   -23 08 15
           172              S36           -45 49 17   -23 09 29
           173              S37           -45 48 10   -23 09 37
           174              S38           -45 46 53   -23 08 47
           175              S39           -45 45 7    -23 7 56
           176              S40           -45 44 45   -23 6 42
           177              S41           -45 43 06   -23 05 28
           178              S42           -45 42 13   -23 5 55
           179              S43           -45 42 13   -23 6 6
           180              S44           -45 42 07   -23 06 37
           181              S45           -45 38 52   -23 03 20
           182              S46           -45 37 15   -22 59 22
           183              S47           -45 36 51   -23 1 29
           184              S48           -45 36 42   -23 1 54
           185              S49           -45 35 24   -23 01 07
           186              S50           -45 35 03   -23 00 27
           187              S51           -45 34 30   -23 00 00
           188              S52           -45 33 45   -23 00 13
           189              S53           -45 33 25   -22 58 03
           190              S54           -45 32 57   -22 57 30
           191              S55           -45 28 37   -22 55 7
           192              S56           -45 24 34   -22 56 18
           193              S57           -45 23 59   -22 52 43
           194              S58           -45 23 20   -22 55 16
           195              S59           -45 22 00   -23 10 00
           196              S60           -45 21 02   -22 54 44
           197              S61           -45 20 54   -22 53 44
           198              S62           -45 18 56   -22 54 22
           199              S63           -45 18 26   -22 52 25
           200              S64           -45 16 30   -22 51 00
           201              S65           -45 11 46   -22 49 11
           202              S66           -45 10 32   -22 48 19
           203              S67           -45 10 6    -22 37 6
           204              S68           -45 09 59   -22 45 38
           205              S69           -45 8 10    -22 44 20
           206              S70           -45 08 10   -22 42 47
           207              S71           -45 06 39   -22 45 21
           208              S72           -45 1 32    -22 35 11
           209              S73           -44 58 23   -22 36 05
           210              S74           -44 58 11   -22 34 51
           211              S75           -44 57 43   -22 33 20
           212              S76           -44 57 25   -22 33 51
           213              S77           -44 57 20   -22 35 23
           214              S78           -44 57 06   -22 34 49
           215              S79           -44 54 32   -22 32 01
           216              S80           -44 51 28   -22 40 25
           217              S81           -44 47 6    -22 32 5
           218              S82           -44 42 26   -22 35 6
           219              S83           -44 42 6    -22 35 3

