       1          594106       7547727
       2          622489       7584434
       3          622834       7584431
       4          644788       7627917
       5          649639       7626367
       6          649868       7613786
       7          650033       7625317
       8          657406       7599167
       9          659394       7605483
      10          659879       7607938
      11          660826       7602024
      12          662902       7599788
      13          662959       7599726
      14          663131       7599663
      15          665670       7595085
      16          665804       7596867
      17          666518       7596429
      18          666886       7595903
      19          669571       7591661
      20          669952       7592426
      21          670059       7591655
      22          670629       7593925
      23          670971       7593645
      24          671183       7594627
      25          673230       7589960
      26          677734       7594586
      27          679190       7611764
      28          693652       7625409
      29          702410       7637360
      30          705377       7616743
      31          707516       7579737
      32          710321       7625109
      33          711524       7664808
      34          712810       7663807
      35          715935       7642355
      36          716070       7639523
      37          716536       7663913
      38          720585       7625988
      39          721899       7642152
      40          723443       7673081
      41          724815       7674108
      42          725242       7684316
      43          729301       7678970
      44          734353       7634010
      45          735437       7633256
      46          737182       7577814
      47          739008       7648896
      48          739975       7634205
      49          740627       7633457
      50          740769       7633332
      51          740193       7579400
      52          741609       7631627
      53          744253       7617802
      54          752928       7590927
      55          755251       7590613
      56          767889       7663313
      57          768521       7661334
      58          769502       7663041
      59          774780       7602877
      60          809029       7707662
      61          546544       7512242
      62          547095       7514761
      63          550476       7526405
      64          554357       7515783
      65          554357       7515783
      66          556528       7515437
      67          556528       7515437
      68          556927       7515128
      69          561510       7517878
      70          566946       7518931
      71          568184       7521079
      72          572750       7519120
      73          578711       7510881
      74          583187       7508981
      75          583805       7507164
      76          585465       7507739
      77          585695       7507891
      78          586885       7506286
      79          589216       7509194
      80          589675       7509529
      81          591760       7509425
      82          613097       7497073
      83          617884       7514413
      84          618282       7514164
      85          620660       7514823
      86          633933       7539225
      87          681346       7546282
      88          683416       7508113
      89          683501       7508112
      90          684693       7553134
      91          684693       7553134
      92          685467       7555586
      93          687212       7552858
      94          687240       7510036
      95          687240       7510036
      96          687240       7510036
      97          687240       7510036
      98          687240       7510036
      99          687240       7510036
     100          687326       7510034
     101          690132       7515076
     102          708348       7515118
     103          743938       7539431
     104          749950       7539120
     105          750122       7540902
     106          753596       7532537
     107          753611       7533429
     108          754147       7532959
     109          754347       7532894
     110          754391       7535601
     111          754532       7533691
     112          755531       7543985
     113          755661       7539674
     114          755786       7540318
     115          756047       7540529
     116          759459       7561401
     117          770866       7568996
     118          772137       7567774
     119          780334       7567015
     120          788342       7616276
     121          790143       7615535
     122          791342       7630935
     123          791418       7630380
     124          791979       7615102
     125          798036       7596983
     126          803945       7602136
     127          808889       7569192
     128          821048       7655038
     129          821518       7652473
     130          821657       7652193
     131          825274       7578224
     132          836424       7602659
     133          847432       7632636
     134          872476       7594007
     135          877766       7598597
     136          895097       7592509
     137          375060       7417597
     138          385967       7413718
     139          392671       7405464
     140          394748       7420488
     141          394707       7414337
     142          396183       7410410
     143          396103       7433969
     144          397704       7428444
     145          399541       7425781
     146          399552       7424120
     147          399741       7425659
     148          399976       7424523
     149          400023       7425938
     150          400521       7423788
     151          400982       7422715
     152          401240       7422347
     153          401362       7421210
     154          401983       7426012
     155          402053       7424014
     156          402909       7432200
     157          403904       7423318
     158          404133       7427503
     159          404353       7424152
     160          404693       7424308
     161          404690       7429259
     162          404742       7425538
     163          405047       7431261
     164          407367       7437457
     165          407574       7422542
     166          407647       7429093
     167          408697       7438603
     168          409183       7410311
     169          410238       7437720
     170          410870       7431850
     171          414370       7441005
     172          415919       7438738
     173          417825       7438502
     174          420007       7440052
     175          423013       7441636
     176          423627       7443915
     177          426432       7446205
     178          427944       7445382
     179          427945       7445044
     180          428121       7444091
     181          433641       7450175
     182          436370       7457506
     183          437070       7453603
     184          437329       7452835
     185          439543       7454290
     186          440136       7455522
     187          441072       7456356
     188          442355       7455961
     189          442909       7459961
     190          443703       7460979
     191          451092       7465402
     192          458020       7463240
     193          458999       7469854
     194          460123       7465152
     195          462469       7437974
     196          464051       7466146
     197          464275       7467991
     198          467639       7466830
     199          468486       7470430
     200          471786       7473050
     201          479876       7476415
     202          481983       7478017
     203          482701       7498711
     204          482918       7482968
     205          486024       7485370
     206          486022       7488229
     207          488621       7483496
     208          497373       7502257
     209          502769       7500597
     210          503112       7502872
     211          503913       7505670
     212          504427       7504717
     213          504568       7501888
     214          504969       7502933
     215          509369       7508097
     216          514610       7492595
     217          522108       7507961
     218          530095       7502382
     219          530667       7502473
