19 669570.70 7591661.00
20 669952.30 7592426.00
21 670059.00 7591655.00
31 707515.90 7579737.00
92 685467.30 7555586.00
128 821048.30 7655038.00
131 825274.40 7578224.00
135 877766.00 7598597.00
154 401983.10 7426012.00
159 404353.40 7424152.00
160 404693.30 7424308.00
161 404689.90 7429259.00
162 404742.30 7425538.00
163 405046.60 7431261.00
166 407646.60 7429093.00
172 415918.80 7438738.00
174 420006.70 7440052.00
186 440136.10 7455522.00
187 441072.20 7456356.00
188 442354.80 7455961.00
210 503112.40 7502872.00
